SNP	Beta.Adult_height	SE.Adult_height	P.Adult_height
rs6440008	-0.426	0.011	9.50E-377
rs7312464	-0.371	0.010	4.40E-294
rs3791679	-0.428	0.012	2.10E-282
rs56088284	-0.640	0.019	1.80E-274
rs1182208	-0.360	0.011	8.60E-237
rs1187117	-0.397	0.013	1.50E-207
rs4835180	-0.293	0.010	1.50E-183
rs1933801	-0.305	0.011	7.50E-176
rs576049	0.275	0.010	1.50E-165
rs2532111	0.264	0.011	6.90E-136
rs3086654	-0.285	0.012	1.90E-130
rs3782415	-0.300	0.013	9.00E-127
rs33912345	0.250	0.011	1.00E-124
rs746591932	-0.257	0.011	7.70E-124
rs28929474	-0.861	0.037	1.10E-123
rs3020609	0.245	0.012	4.00E-105
rs6473015	0.226	0.011	7.90E-91
rs7012213	-0.216	0.011	1.40E-89
rs5742915	0.202	0.010	5.90E-89
rs7975989	-0.194	0.010	1.20E-85
rs7739085	0.193	0.010	9.30E-83
rs61780440	-0.248	0.013	3.90E-80
rs6919534	-0.267	0.015	5.30E-79
rs753850502	0.225	0.013	3.10E-77
rs564634	0.201	0.011	4.10E-77
rs62182127	0.177	0.010	3.50E-69
rs2187642	0.175	0.011	1.10E-64
20:34644424_TA_T	-0.222	0.014	7.50E-63
rs4895864	0.159	0.010	2.50E-60
rs13178887	0.167	0.010	6.60E-60
rs55681913	0.250	0.017	7.70E-55
rs7607552	0.151	0.010	1.30E-53
rs36077893	-0.156	0.010	3.70E-53
rs62522556	-0.155	0.011	1.10E-50
rs13418037	-0.189	0.013	2.70E-50
rs1043515	-0.147	0.010	2.00E-45
rs17400325	0.342	0.025	3.50E-45
rs12810788	0.179	0.013	9.30E-45
rs112502960	0.144	0.011	4.90E-43
rs668871	-0.131	0.010	4.80E-42
rs3800231	0.151	0.011	5.80E-42
rs117919628	1.592	0.125	2.70E-39
rs17478946	0.145	0.011	8.30E-39
15:99177652_GT_G	-0.137	0.011	3.10E-38
rs1260326	0.130	0.010	9.70E-38
1:26436867_G_GT	0.169	0.013	3.20E-37
rs540605187	1.925	0.153	7.80E-37
rs498231	0.131	0.010	1.10E-36
rs11190743	0.128	0.010	1.30E-36
rs148950986	0.166	0.013	1.40E-36
rs10283100	-0.265	0.022	8.10E-36
rs13108218	0.130	0.011	1.90E-34
rs185799410	0.386	0.033	9.20E-34
rs11564722	0.147	0.012	9.50E-34
rs529975866	0.237	0.020	1.20E-33
rs17205463	0.124	0.010	2.00E-33
rs34670419	0.298	0.026	4.80E-32
rs34378637	0.099	0.009	5.20E-32
rs7540825	-0.120	0.010	2.30E-31
rs6942072	0.127	0.011	3.10E-31
rs10838811	0.134	0.012	7.70E-31
rs61139213	0.123	0.011	5.30E-30
11:47285157_CT_C	0.168	0.016	2.20E-29
rs574582434	0.139	0.013	2.80E-29
X:118639797_CAA_C	0.102	0.009	3.70E-29
rs61883634	0.249	0.023	6.00E-28
rs9783783	0.106	0.010	1.20E-27
rs73057141	-0.327	0.031	1.80E-27
rs45443194	-0.148	0.014	2.20E-27
rs34205994	0.117	0.011	2.50E-27
rs11578046	-0.116	0.011	5.70E-27
rs75666695	-0.171	0.017	1.80E-26
rs3795503	-0.112	0.011	2.30E-26
rs8112883	-0.114	0.011	1.80E-25
rs61849823	0.150	0.014	2.40E-25
rs57267144	0.120	0.012	1.10E-24
rs2737205	0.102	0.010	4.50E-24
17:79075435_GCACA_G	0.107	0.011	1.10E-23
rs3755304	0.148	0.015	5.00E-23
rs13107325	-0.195	0.020	5.40E-23
rs201700765	-0.110	0.012	8.60E-23
rs201928437	-0.117	0.012	9.70E-23
rs13408460	0.195	0.020	9.80E-23
rs12773833	-0.100	0.011	1.50E-21
rs60539581	-0.094	0.010	2.70E-21
rs114165349	-0.306	0.034	5.30E-21
rs13154597	0.102	0.011	7.00E-21
22:46255303_GC_G	0.103	0.011	1.30E-20
9:109641260_ATAAAG_A	0.205	0.023	2.00E-20
4:56418176_AG_A	-0.093	0.011	2.40E-20
rs73125628	0.102	0.012	2.60E-20
rs7927901	0.118	0.013	2.70E-20
rs190861805	0.111	0.012	4.00E-20
11:120315034_CTATA_C	-0.291	0.031	5.10E-20
rs573902986	0.145	0.017	5.10E-19
18:13107882_CA_C	0.090	0.011	5.50E-19
rs378740	-0.099	0.012	6.40E-19
rs12533596	0.107	0.013	8.20E-19
rs7830500	0.110	0.013	1.10E-18
rs28760425	0.094	0.010	1.20E-18
rs11556924	-0.096	0.011	1.60E-18
rs273956	-0.090	0.010	3.20E-18
rs4371672	0.089	0.010	3.60E-18
rs570333647	-0.113	0.013	4.90E-18
rs149973869	-0.165	0.019	1.10E-17
rs174554	0.091	0.011	1.50E-17
rs708727	0.087	0.010	1.80E-17
rs2104476	0.098	0.012	2.40E-17
rs6595457	0.094	0.012	5.80E-17
rs11672782	-0.085	0.010	6.40E-17
rs5915260	0.082	0.010	8.10E-17
rs35135518	0.137	0.016	8.20E-17
rs4480403	0.085	0.011	1.50E-16
rs79908242	-0.257	0.032	2.30E-16
rs1821466	0.117	0.015	3.50E-16
rs7758644	0.108	0.014	4.80E-16
9:128399680_TAA_T	0.078	0.011	5.10E-16
rs754516979	0.095	0.012	5.20E-16
rs3821881	0.095	0.012	6.30E-16
rs770324187	-0.089	0.012	7.10E-16
rs77542162	0.289	0.034	7.50E-16
rs12422933	0.092	0.012	8.40E-16
rs6974707	0.097	0.012	1.40E-15
rs5906718	0.068	0.009	2.60E-15
rs10992863	0.090	0.012	2.90E-15
rs76750172	0.252	0.034	3.10E-15
rs2819336	0.083	0.011	3.50E-15
rs1127313	0.076	0.010	5.50E-15
rs76184771	0.111	0.015	5.60E-15
rs1994147	0.089	0.012	1.10E-14
rs141547116	0.179	0.023	1.20E-14
rs8097893	0.192	0.026	1.30E-14
rs146511827	0.074	0.010	1.50E-14
rs10861632	0.091	0.012	1.70E-14
rs8054322	0.082	0.010	1.90E-14
rs34809898	-0.087	0.012	1.90E-14
rs17265513	-0.093	0.013	2.60E-14
rs7662792	0.078	0.011	2.90E-14
rs75127279	0.251	0.036	3.00E-14
rs7545133	0.077	0.010	3.30E-14
rs142876550	-0.146	0.019	4.10E-14
rs766695028	0.090	0.012	4.90E-14
rs12459155	0.112	0.015	5.10E-14
X:81977103_GAAAGAAAGAAAGAA_G	0.078	0.010	6.90E-14
rs4257546	0.074	0.011	7.60E-14
rs116711199	0.143	0.020	8.20E-14
rs2982138	0.065	0.010	9.80E-14
rs1006660	-0.076	0.011	3.80E-13
20:3254249_CA_C	0.071	0.010	3.90E-13
rs7949790	0.096	0.014	4.00E-13
rs9823893	0.185	0.024	4.30E-13
rs583104	0.092	0.012	4.80E-13
rs789180	0.110	0.015	5.90E-13
rs11982736	0.105	0.014	8.40E-13
rs2813536	0.073	0.010	8.80E-13
rs4782568	0.078	0.010	9.10E-13
rs11620783	0.068	0.011	1.20E-12
rs147784331	0.079	0.011	1.30E-12
rs11882796	0.075	0.010	1.30E-12
rs34895689	0.075	0.010	2.30E-12
rs26822	-0.075	0.011	2.90E-12
rs8178824	-0.218	0.030	3.40E-12
rs780400007	0.101	0.014	3.40E-12
rs4942553	0.081	0.012	3.80E-12
rs149350322	0.586	0.086	5.40E-12
rs73238159	-0.099	0.015	7.20E-12
rs41449245	-0.112	0.014	8.50E-12
rs6501601	0.068	0.011	8.80E-12
rs2503713	0.075	0.011	9.10E-12
rs10826995	0.074	0.011	9.20E-12
rs17714046	-0.160	0.024	1.00E-11
12:122451251_AGTGACTGTTTAAT_A	0.094	0.013	1.20E-11
rs2854746	0.068	0.011	1.30E-11
rs7892835	-0.079	0.012	1.70E-11
rs10405357	-0.066	0.010	2.40E-11
rs12595168	0.094	0.016	2.60E-11
rs2303291	-0.079	0.011	2.80E-11
rs569356	0.096	0.015	3.30E-11
rs9379083	0.079	0.012	3.50E-11
rs115236209	-0.134	0.021	3.70E-11
7:114058731_CA_C	0.066	0.011	4.10E-11
rs73181210	-0.418	0.060	4.60E-11
rs687339	-0.078	0.012	5.60E-11
rs10821721	0.070	0.011	7.10E-11
rs746536900	0.076	0.012	7.90E-11
rs3131897	-0.094	0.015	8.70E-11
rs138633492	0.065	0.010	8.80E-11
rs111329631	0.080	0.012	1.00E-10
rs8065258	0.088	0.013	1.10E-10
18:3815400_CCT_C	-0.073	0.012	1.40E-10
rs12314118	0.067	0.010	1.90E-10
rs708108	0.061	0.010	2.50E-10
rs1348002	0.069	0.011	2.50E-10
9:119339816_AAAAAG_A	-0.092	0.015	2.70E-10
6:28102451_CA_C	-0.069	0.011	3.00E-10
rs117112217	-0.154	0.025	3.00E-10
rs508205	-0.066	0.010	3.00E-10
rs549272173	-0.576	0.098	3.60E-10
rs7602068	-0.072	0.011	3.60E-10
rs759230913	0.079	0.012	3.60E-10
rs6129229	0.116	0.020	4.00E-10
rs40270	-0.070	0.012	4.50E-10
18:174609_CT_C	0.064	0.011	4.70E-10
rs550634166	0.234	0.041	5.10E-10
rs4988483	0.140	0.023	5.90E-10
rs324019	0.060	0.011	6.50E-10
rs1815009	-0.072	0.012	7.90E-10
rs1408	0.061	0.010	8.50E-10
rs150844304	0.202	0.033	1.00E-09
rs891903	0.069	0.012	1.40E-09
rs10123708	0.067	0.012	1.60E-09
rs10135799	0.104	0.018	1.60E-09
rs1204399	0.055	0.009	1.70E-09
7:32925084_TA_T	0.062	0.011	2.20E-09
rs73231994	0.162	0.030	2.20E-09
rs551118	-0.058	0.011	2.70E-09
rs11141381	-0.064	0.011	3.10E-09
rs12602989	0.080	0.014	3.70E-09
rs11723405	-0.063	0.010	5.00E-09
rs471142	0.059	0.011	7.20E-09
rs2395655	-0.060	0.010	8.30E-09
rs114949263	0.099	0.016	8.30E-09
rs17050272	0.058	0.010	8.90E-09
rs34877991	-0.058	0.010	1.00E-08
rs310793	-0.059	0.010	1.00E-08
rs8075153	0.059	0.010	1.20E-08
rs10463360	0.067	0.012	1.40E-08
rs142998071	-0.136	0.025	1.40E-08
rs567479228	0.072	0.014	1.60E-08
rs7144011	0.068	0.012	1.60E-08
rs10757291	0.054	0.010	1.70E-08
rs10905049	0.057	0.010	1.80E-08
rs150933034	0.233	0.044	2.10E-08
22:21932653_GA_G	0.070	0.013	2.50E-08
rs77271869	0.128	0.022	3.20E-08
rs8182173	-0.068	0.012	3.20E-08
17:7769571_ATTTTTTTTTTTTTT_A	0.076	0.014	3.20E-08
rs6075647	0.063	0.012	4.30E-08
17:1651596_TAA_T	0.056	0.011	5.10E-08
rs7254601	0.064	0.012	5.20E-08
rs411717	0.054	0.010	6.00E-08
rs74563367	0.089	0.017	6.70E-08
rs958957	0.057	0.011	7.00E-08
rs7630284	0.058	0.011	8.30E-08
rs78645407	-0.052	0.010	9.10E-08
rs13076508	-0.117	0.023	9.50E-08
rs1650008	0.051	0.010	1.10E-07
rs62280667	0.058	0.011	1.20E-07
rs3829125	0.071	0.014	1.20E-07
rs6564905	0.055	0.011	1.20E-07
rs12149228	0.068	0.014	1.30E-07
rs281420	-0.050	0.010	1.30E-07
rs2812536	0.058	0.011	1.40E-07
rs8076897	0.056	0.011	1.40E-07
rs145530718	0.189	0.038	1.40E-07
rs73370486	0.188	0.038	1.40E-07
rs774897287	-0.058	0.011	1.80E-07
rs7771548	-0.099	0.016	1.80E-07
rs217286	0.055	0.010	2.00E-07
rs36086195	0.052	0.010	2.10E-07
rs1079866	0.075	0.015	2.10E-07
rs445	0.092	0.017	2.20E-07
rs145040302	0.063	0.013	2.50E-07
rs75474551	-0.091	0.018	2.70E-07
rs71432868	0.104	0.021	4.90E-07
rs58368073	0.052	0.011	4.90E-07
rs4655578	0.064	0.013	5.20E-07
rs258775	-0.068	0.013	5.90E-07
rs74774288	0.067	0.013	5.90E-07
rs17616063	-0.098	0.020	5.90E-07
rs6510177	-0.066	0.013	6.00E-07
rs529089764	0.452	0.098	6.20E-07
rs116971887	-0.125	0.025	6.80E-07
13:42736966_CT_C	0.062	0.013	7.10E-07
rs6437249	-0.052	0.011	7.20E-07
rs28497499	-0.067	0.013	7.20E-07
rs9630085	0.057	0.013	7.70E-07
rs116454156	0.183	0.041	7.70E-07
rs775688358	-0.066	0.015	9.10E-07
rs762327788	0.063	0.014	9.80E-07
rs10892923	-0.050	0.011	9.90E-07
rs35814008	0.072	0.015	1.00E-06
rs2966111	0.058	0.012	1.00E-06
rs686724	-0.049	0.010	1.10E-06
rs12702434	0.051	0.010	1.10E-06
rs11762191	0.051	0.010	1.20E-06
rs75938105	0.127	0.028	1.40E-06
rs11001399	0.047	0.010	1.60E-06
rs820504	0.074	0.015	1.70E-06
rs75120545	0.142	0.031	1.80E-06
rs761153	0.055	0.012	1.90E-06
rs3812698	0.098	0.021	1.90E-06
rs56153444	-0.056	0.011	2.00E-06
rs11545482	0.169	0.035	2.10E-06
rs16848785	0.045	0.011	2.10E-06
rs56254331	0.064	0.014	2.50E-06
rs9295134	0.070	0.016	2.90E-06
6:165781150_GA_G	0.047	0.010	3.40E-06
rs11399617	-0.054	0.012	3.70E-06
rs11242236	0.046	0.010	3.80E-06
rs11860535	-0.052	0.012	4.20E-06
rs4635821	0.046	0.010	4.70E-06
rs8022504	0.085	0.019	4.70E-06
rs681998	0.052	0.011	4.80E-06
rs12146350	-0.049	0.011	5.00E-06
rs778290392	0.052	0.013	5.70E-06
rs11102094	0.044	0.010	6.60E-06
rs761087930	0.071	0.015	6.70E-06
rs113455659	0.048	0.011	7.00E-06
rs2717559	-0.045	0.010	7.10E-06
rs730551	-0.045	0.010	7.60E-06
rs11166440	-0.040	0.011	8.00E-06
rs12914702	0.057	0.012	8.20E-06
rs3806415	0.045	0.011	8.90E-06
rs2801482	0.143	0.034	9.70E-06
rs62011346	-0.057	0.014	1.00E-05
rs59601921	0.055	0.012	1.40E-05
rs2919234	0.042	0.010	1.40E-05
rs11012712	0.060	0.013	1.50E-05
rs11064536	0.056	0.014	1.60E-05
rs146737847	0.279	0.063	1.60E-05
rs13171	0.052	0.014	1.80E-05
18:75196876_CAACTTT_C	0.046	0.011	1.80E-05
rs77561962	0.102	0.024	1.90E-05
rs71648153	0.064	0.015	2.00E-05
rs191282717	0.114	0.027	2.40E-05
rs11123170	0.045	0.011	2.60E-05
rs4730682	0.041	0.010	2.60E-05
rs55679357	0.059	0.013	2.70E-05
rs329123	0.044	0.011	2.90E-05
rs12779609	0.065	0.015	2.90E-05
22:45057047_TC_T	0.044	0.011	3.00E-05
rs9297994	-0.044	0.011	3.10E-05
rs782123329	0.045	0.011	3.10E-05
rs113924098	-0.038	0.010	3.40E-05
rs10246481	-0.039	0.011	3.40E-05
rs369989480	0.049	0.011	3.70E-05
14:77911306_A_AT	0.046	0.011	3.80E-05
rs202200760	0.122	0.029	3.80E-05
rs62075625	-0.054	0.013	4.00E-05
rs9573378	0.043	0.011	4.70E-05
rs2710274	0.047	0.011	4.80E-05
rs141811210	-0.042	0.010	4.90E-05
rs576065248	-0.050	0.014	5.30E-05
rs62302688	0.068	0.018	5.60E-05
rs61735259	0.494	0.119	6.10E-05
rs7934888	0.052	0.013	6.20E-05
rs10858887	0.034	0.011	6.20E-05
rs13132853	-0.042	0.011	6.50E-05
rs4294650	0.048	0.011	6.50E-05
rs7100981	0.038	0.011	6.60E-05
rs8105174	-0.052	0.013	6.80E-05
rs782174002	0.590	0.145	7.10E-05
rs10834967	0.045	0.013	7.20E-05
rs72787688	0.045	0.012	7.30E-05
rs55881690	0.048	0.012	7.30E-05
rs862710	0.046	0.012	7.30E-05
rs4680338	0.045	0.010	7.40E-05
rs26545	-0.039	0.011	7.70E-05
rs113401767	0.042	0.010	7.90E-05
rs1037169	-0.046	0.011	8.20E-05
rs77611399	-0.056	0.014	8.60E-05
rs34173241	0.038	0.011	8.70E-05
rs78232943	0.059	0.015	9.20E-05
14:75506557_TATATATATATATA_T	-0.042	0.010	9.30E-05
rs41316003	0.269	0.067	9.50E-05
rs1065656	-0.042	0.011	9.60E-05
rs34749	0.045	0.013	1.00E-04
rs12951485	0.046	0.013	1.00E-04
rs80170948	0.103	0.026	1.20E-04
rs76594918	0.044	0.012	1.20E-04
rs34512721	-0.039	0.010	1.20E-04
rs10892564	-0.039	0.011	1.20E-04
rs1574387	0.042	0.010	1.20E-04
rs538140136	0.040	0.011	1.30E-04
rs7853970	0.036	0.010	1.40E-04
rs12699547	0.038	0.011	1.60E-04
rs11171710	-0.033	0.010	1.60E-04
rs151211941	0.035	0.009	1.60E-04
rs78127487	0.254	0.066	1.90E-04
rs1074347	0.046	0.011	1.90E-04
rs77728352	0.102	0.025	1.90E-04
rs781128811	0.041	0.010	2.00E-04
rs36115000	0.038	0.012	2.10E-04
rs3918325	0.038	0.011	2.10E-04
rs9676789	-0.042	0.011	2.20E-04
rs12911494	-0.042	0.011	2.30E-04
rs4328048	0.039	0.011	2.40E-04
rs565681581	0.042	0.012	2.40E-04
rs344117	0.040	0.010	2.70E-04
rs11664259	-0.038	0.011	2.80E-04
rs34736800	0.036	0.011	2.90E-04
rs2296198	0.042	0.012	3.30E-04
rs34040697	0.036	0.010	3.30E-04
rs6793063	0.043	0.012	3.40E-04
rs564230433	0.033	0.011	3.40E-04
rs1800574	0.118	0.030	3.80E-04
rs9264774	-0.053	0.021	4.30E-04
rs13079427	0.039	0.013	4.60E-04
rs748325380	-0.038	0.011	4.80E-04
rs3858325	0.036	0.010	4.90E-04
rs66522322	0.049	0.015	5.00E-04
rs9291928	-0.032	0.012	5.00E-04
rs3967200	-0.050	0.015	5.00E-04
rs11392804	0.036	0.011	5.10E-04
rs58679845	-0.058	0.017	5.30E-04
rs1286657	0.033	0.011	5.50E-04
rs2305196	0.044	0.012	5.60E-04
rs5751775	-0.037	0.011	5.90E-04
rs7697204	0.040	0.012	6.10E-04
rs9433758	-0.046	0.013	6.20E-04
rs10869022	0.042	0.013	6.20E-04
rs12346653	0.041	0.012	6.20E-04
rs1580083	0.037	0.011	6.30E-04
rs12469063	0.042	0.012	6.50E-04
rs68121286	0.047	0.014	6.80E-04
rs151196451	0.037	0.011	7.20E-04
rs893856	-0.050	0.015	7.20E-04
rs7253490	-0.036	0.011	7.50E-04
rs201635389	-0.044	0.012	7.60E-04
18:660441_GA_G	0.049	0.015	7.80E-04
rs2606755	0.035	0.011	8.40E-04
rs13026411	0.035	0.010	8.50E-04
rs6795209	0.043	0.014	8.70E-04
rs10006687	-0.039	0.011	8.80E-04
rs125124	0.034	0.011	9.10E-04
rs545945962	0.059	0.018	9.20E-04
rs42761	0.034	0.012	9.80E-04
rs4678732	-0.037	0.011	1.00E-03
rs12293770	-0.074	0.022	1.00E-03
rs8033075	0.071	0.022	1.00E-03
rs17015169	0.035	0.012	1.10E-03
rs11689440	0.035	0.010	1.10E-03
12:20953761_GT_G	0.032	0.011	1.10E-03
rs75892962	0.055	0.017	1.20E-03
rs17362797	-0.035	0.013	1.20E-03
rs144542228	-0.037	0.011	1.20E-03
rs12712928	0.043	0.014	1.60E-03
rs28629447	0.032	0.011	1.60E-03
rs9292578	0.078	0.026	1.70E-03
rs1042311	-0.259	0.073	1.70E-03
rs11928797	-0.051	0.016	1.80E-03
rs10965479	0.032	0.010	1.80E-03
rs36215895	0.161	0.054	1.80E-03
rs75621460	0.098	0.035	1.80E-03
rs1444922	-0.033	0.011	1.90E-03
rs12993548	0.028	0.010	2.00E-03
rs11024614	-0.031	0.011	2.00E-03
rs144400758	-0.039	0.014	2.00E-03
rs868876	-0.035	0.011	2.10E-03
rs7574340	0.033	0.011	2.50E-03
rs544147631	0.241	0.087	2.60E-03
rs138836478	0.088	0.027	2.60E-03
rs2067150	-0.040	0.014	2.80E-03
rs3851179	0.031	0.011	2.80E-03
rs9972419	-0.071	0.025	2.80E-03
rs2334097	0.034	0.011	2.80E-03
rs9903858	-0.032	0.011	2.90E-03
2:111874194_ATGT_A	-0.069	0.021	3.00E-03
16:69113478_TA_T	0.042	0.015	3.00E-03
rs11175843	0.034	0.013	3.20E-03
rs8126001	-0.027	0.010	3.50E-03
rs1495741	0.031	0.012	4.10E-03
rs13379043	-0.034	0.012	4.10E-03
rs58466966	0.032	0.012	4.20E-03
rs5755943	-0.042	0.015	4.20E-03
rs754110	0.027	0.010	4.30E-03
rs140363284	0.040	0.014	4.70E-03
rs72617352	0.083	0.031	4.80E-03
rs7991426	0.029	0.012	5.20E-03
rs12454712	-0.029	0.011	5.30E-03
rs7281853	-0.026	0.011	5.30E-03
rs360120	0.043	0.017	5.60E-03
rs78279816	0.087	0.032	5.90E-03
rs7208815	-0.031	0.011	5.90E-03
rs4297245	-0.033	0.012	6.90E-03
rs5016637	-0.036	0.014	7.00E-03
rs146174823	0.381	0.116	7.20E-03
rs121912698	-0.230	0.080	7.40E-03
rs35020701	0.028	0.011	7.40E-03
rs372335664	0.024	0.011	7.70E-03
rs55748356	0.058	0.019	8.10E-03
8:81418150_ATTTT_A	-0.035	0.012	8.40E-03
rs145902394	0.026	0.010	9.60E-03
rs6695407	-0.067	0.032	1.10E-02
rs10203740	-0.026	0.011	1.10E-02
rs62334146	0.036	0.014	1.10E-02
rs12524110	-0.027	0.010	1.10E-02
rs76126732	-0.051	0.021	1.10E-02
rs11830764	0.054	0.020	1.20E-02
rs368981229	-0.045	0.019	1.30E-02
6:107435870_TCCGGCCGCC_T	0.026	0.011	1.30E-02
rs11226107	0.035	0.014	1.30E-02
rs9795555	0.077	0.033	1.40E-02
rs5975313	0.070	0.024	1.40E-02
rs6741049	0.023	0.011	1.50E-02
rs1833834	0.028	0.011	1.50E-02
11:8647090_CACACACACACAG_C	-0.033	0.013	1.50E-02
rs6519133	-0.024	0.011	1.50E-02
rs368872394	-0.032	0.013	1.60E-02
rs272693	0.026	0.013	1.60E-02
rs568241258	-0.026	0.014	1.60E-02
rs6602909	-0.025	0.011	1.60E-02
rs72743868	0.129	0.063	1.70E-02
rs11433041	-0.021	0.010	1.70E-02
rs913249	0.026	0.011	1.70E-02
rs10860237	0.024	0.011	1.80E-02
rs8060025	-0.026	0.011	1.80E-02
rs5388	-0.134	0.052	1.80E-02
rs75907879	0.041	0.015	1.90E-02
rs4860987	0.025	0.012	1.90E-02
13:108519247_GGA_G	-0.025	0.011	1.90E-02
rs11757793	0.027	0.011	2.00E-02
rs79936318	0.030	0.013	2.00E-02
rs10000932	-0.023	0.011	2.10E-02
rs2228078	0.094	0.042	2.10E-02
rs774356025	-0.023	0.010	2.10E-02
rs587707823	-0.035	0.014	2.10E-02
rs375346423	-0.023	0.011	2.10E-02
rs761087044	-0.125	0.072	2.10E-02
rs78357199	0.056	0.026	2.20E-02
rs5932715	-0.032	0.014	2.20E-02
rs613176	0.019	0.010	2.30E-02
rs35270146	-0.025	0.012	2.40E-02
rs5784791	-0.025	0.011	2.50E-02
16:53822169_AT_A	0.027	0.011	2.50E-02
rs56212058	0.027	0.011	2.70E-02
rs143588094	0.027	0.012	2.70E-02
rs3008051	0.022	0.010	2.70E-02
rs6444121	0.025	0.011	2.80E-02
12:102899795_AG_A	-0.183	0.089	2.80E-02
rs771957184	0.024	0.012	2.80E-02
rs12152493	0.023	0.010	3.00E-02
rs10682287	-0.023	0.011	3.00E-02
rs75741381	0.025	0.014	3.20E-02
rs62560861	-0.025	0.013	3.20E-02
rs6756943	0.024	0.011	3.40E-02
rs9526560	0.029	0.012	3.60E-02
rs1659563	-0.024	0.010	3.70E-02
rs77233863	-0.031	0.018	3.70E-02
9:86282825_ATT_A	-0.029	0.015	4.10E-02
3:178887854_ACG_A	0.022	0.015	4.20E-02
rs1751480	-0.019	0.011	4.30E-02
rs12137232	-0.021	0.010	4.30E-02
rs6822348	-0.022	0.011	4.30E-02
rs2182247	0.023	0.010	4.30E-02
rs8059803	-0.020	0.011	4.40E-02
rs9611569	-0.024	0.013	4.60E-02
rs7742431	-0.023	0.010	4.70E-02
rs61957204	-0.045	0.019	4.70E-02
rs7052541	-0.016	0.009	5.20E-02
rs2942134	-0.041	0.020	5.30E-02
rs61731445	0.039	0.021	5.50E-02
rs6452875	0.026	0.013	5.60E-02
rs3804174	0.019	0.011	5.70E-02
rs11869269	0.028	0.014	5.90E-02
rs9583151	0.021	0.010	6.10E-02
rs4781987	0.017	0.010	6.10E-02
rs794249	0.011	0.010	6.30E-02
rs4980661	-0.022	0.010	6.30E-02
16:79722208_AG_A	0.018	0.011	6.30E-02
rs3735528	0.022	0.012	6.50E-02
rs147072928	-0.026	0.016	6.50E-02
rs531067873	-0.022	0.012	6.70E-02
rs7495616	-0.021	0.012	6.80E-02
rs552962019	0.042	0.026	6.80E-02
rs765215967	0.021	0.012	6.80E-02
rs2607775	-0.017	0.010	6.90E-02
rs9738365	-0.023	0.012	6.90E-02
8:105135878_CA_C	-0.013	0.010	7.00E-02
rs140588099	0.127	0.086	7.20E-02
rs6577049	0.015	0.011	7.30E-02
rs113574682	0.021	0.011	7.30E-02
rs28932472	-0.110	0.066	7.50E-02
rs9879333	-0.021	0.012	7.70E-02
rs13168379	0.029	0.020	8.20E-02
rs940400	0.026	0.016	8.50E-02
rs16845929	-0.043	0.022	8.50E-02
rs10817921	-0.037	0.020	8.80E-02
rs10086016	0.022	0.014	8.90E-02
rs181230411	0.034	0.028	9.10E-02
rs2268879	-0.021	0.011	9.10E-02
rs9876183	-0.015	0.010	9.40E-02
rs3934436	0.024	0.012	9.50E-02
rs11111274	0.014	0.012	9.80E-02
rs12749024	0.021	0.014	1.00E-01
rs3828400	-0.017	0.011	1.00E-01
rs1295021	-0.018	0.010	1.00E-01
rs72858776	-0.033	0.019	1.00E-01
rs12224705	0.018	0.013	1.00E-01
rs1108109	0.019	0.011	1.00E-01
rs142966355	-0.045	0.028	1.10E-01
rs10439444	-0.019	0.010	1.10E-01
rs750275317	-0.015	0.012	1.10E-01
5:55860907_GC_G	-0.020	0.013	1.10E-01
rs73382439	-0.025	0.013	1.10E-01
rs700750	0.021	0.011	1.10E-01
rs10225558	-0.015	0.010	1.10E-01
9:102260916_AG_A	0.026	0.014	1.10E-01
rs2398106	0.015	0.010	1.10E-01
rs11202600	-0.034	0.021	1.10E-01
rs11187838	0.013	0.010	1.10E-01
rs4575195	0.016	0.011	1.10E-01
rs28396553	-0.013	0.011	1.10E-01
rs2189336	0.014	0.010	1.10E-01
rs5978435	-0.020	0.010	1.10E-01
rs201258835	-0.042	0.030	1.10E-01
8:48026482_CA_C	-0.027	0.015	1.20E-01
13:99173528_AT_A	0.021	0.013	1.20E-01
rs10136874	0.015	0.010	1.20E-01
rs5924943	0.014	0.009	1.20E-01
rs79475332	-0.018	0.013	1.40E-01
rs71509167	-0.017	0.011	1.40E-01
rs41303235	-0.038	0.025	1.40E-01
rs754259315	-0.019	0.012	1.40E-01
rs12474069	-0.021	0.010	1.50E-01
3:49780652_CAAAACA_C	-0.020	0.011	1.50E-01
rs41341748	-0.062	0.049	1.50E-01
rs4309187	0.013	0.011	1.50E-01
rs35831632	-0.015	0.011	1.50E-01
rs17564380	0.025	0.017	1.50E-01
rs1560728	-0.022	0.016	1.50E-01
rs113225355	-0.031	0.018	1.50E-01
rs259842	-0.013	0.010	1.60E-01
rs13128110	-0.019	0.015	1.60E-01
rs56071192	-0.031	0.026	1.60E-01
rs7249292	0.028	0.018	1.60E-01
rs6735763	0.016	0.011	1.70E-01
rs578095242	0.163	0.131	1.70E-01
rs776405443	-0.012	0.011	1.70E-01
rs17429745	-0.013	0.011	1.80E-01
rs75158800	0.034	0.030	1.80E-01
rs35713203	-0.017	0.011	1.80E-01
rs2684249	-0.010	0.010	1.90E-01
rs531713748	0.075	0.098	1.90E-01
rs11157931	0.018	0.011	1.90E-01
17:35814401_CT_C	-0.012	0.011	1.90E-01
rs4792987	-0.015	0.012	1.90E-01
rs74401830	-0.015	0.011	1.90E-01
rs12460849	-0.018	0.010	1.90E-01
rs72920202	-0.015	0.016	2.00E-01
rs149675684	0.116	0.106	2.00E-01
rs34965774	0.016	0.015	2.00E-01
rs186204916	-0.018	0.015	2.10E-01
rs112893170	-0.016	0.013	2.20E-01
rs138749399	-0.114	0.101	2.20E-01
rs7844904	-0.016	0.011	2.20E-01
rs3048926	0.015	0.011	2.20E-01
rs6772872	0.012	0.010	2.30E-01
rs6923822	-0.020	0.013	2.30E-01
rs60203860	0.015	0.011	2.30E-01
rs138310553	0.084	0.057	2.30E-01
20:45755747_TA_T	-0.010	0.011	2.30E-01
rs10798302	0.020	0.013	2.40E-01
rs11794448	0.014	0.015	2.40E-01
rs11707172	-0.012	0.012	2.60E-01
rs57807319	-0.011	0.012	2.60E-01
rs11010879	0.017	0.014	2.60E-01
rs7338535	0.016	0.011	2.60E-01
rs6010676	0.019	0.016	2.60E-01
rs3032555	0.013	0.011	2.70E-01
rs7739044	0.010	0.010	2.70E-01
rs35335036	0.013	0.014	2.70E-01
rs142650905	-0.178	0.148	2.70E-01
rs369454	-0.015	0.011	2.70E-01
rs72841129	0.021	0.021	2.80E-01
rs6054	0.086	0.070	2.80E-01
rs8055075	-0.013	0.010	2.80E-01
rs62342064	0.023	0.015	2.90E-01
rs34671	-0.016	0.014	2.90E-01
rs77807794	0.012	0.012	2.90E-01
rs6940544	0.007	0.010	2.90E-01
rs4719393	-0.007	0.011	2.90E-01
rs7323205	0.013	0.011	2.90E-01
rs12326751	-0.005	0.011	2.90E-01
rs80177406	-0.013	0.011	3.00E-01
rs4445072	-0.006	0.012	3.00E-01
rs117836214	0.033	0.028	3.00E-01
rs662026	0.009	0.013	3.10E-01
rs1229984	0.027	0.034	3.20E-01
rs778301285	-0.010	0.010	3.20E-01
rs115479006	0.031	0.030	3.20E-01
rs750075605	0.011	0.015	3.20E-01
rs538952789	0.046	0.045	3.20E-01
rs78483697	-0.018	0.015	3.30E-01
rs1887760	0.015	0.011	3.30E-01
rs17476364	-0.020	0.017	3.30E-01
rs2414098	-0.015	0.011	3.30E-01
rs9608723	-0.011	0.011	3.30E-01
rs508772	-0.013	0.010	3.40E-01
rs11967262	-0.008	0.010	3.40E-01
rs9479761	0.008	0.012	3.40E-01
rs58706622	-0.008	0.011	3.50E-01
rs4418728	0.007	0.010	3.50E-01
rs17685105	0.008	0.010	3.50E-01
rs4468717	0.021	0.019	3.50E-01
1:27039852_AT_A	0.005	0.015	3.60E-01
rs1986692	0.008	0.011	3.60E-01
rs3745683	0.012	0.020	3.60E-01
rs56881624	-0.013	0.011	3.60E-01
rs3131646	0.014	0.011	3.70E-01
1:221042080_CA_C	-0.045	0.044	3.70E-01
rs114303452	0.058	0.050	3.70E-01
rs12536253	-0.009	0.012	3.70E-01
rs71477696	0.029	0.029	3.70E-01
rs777679051	0.007	0.011	3.80E-01
rs76656422	-0.023	0.028	3.80E-01
1:98403226_TTTGTTG_T	0.009	0.012	3.90E-01
rs9376320	-0.014	0.012	3.90E-01
rs12552790	-0.030	0.024	3.90E-01
rs548573454	-0.165	0.155	3.90E-01
X:77032866_CAACAAAACAA_C	0.014	0.019	3.90E-01
rs429358	0.010	0.014	4.00E-01
1:221051333_GA_G	0.015	0.012	4.10E-01
rs6895953	-0.009	0.010	4.10E-01
rs12656108	0.007	0.011	4.10E-01
rs80250899	-0.014	0.023	4.10E-01
rs200178264	-0.008	0.011	4.10E-01
rs11404891	0.016	0.015	4.20E-01
rs2576977	0.013	0.013	4.20E-01
rs2150038	0.006	0.011	4.30E-01
rs10844075	0.008	0.010	4.30E-01
rs8095538	0.011	0.011	4.30E-01
rs6701954	-0.008	0.010	4.40E-01
rs574643736	0.010	0.014	4.40E-01
rs1782652	0.008	0.011	4.40E-01
rs12738587	-0.008	0.010	4.50E-01
1:214163973_CAG_C	0.006	0.010	4.50E-01
rs35062095	0.013	0.012	4.50E-01
rs852061	-0.008	0.011	4.50E-01
rs2448001	-0.008	0.011	4.60E-01
rs1104608	-0.004	0.011	4.60E-01
rs4791658	-0.008	0.010	4.60E-01
rs73573025	-0.047	0.051	4.60E-01
rs4234798	-0.007	0.011	4.70E-01
rs4693061	-0.009	0.011	4.70E-01
rs200004831	0.027	0.031	4.70E-01
rs11569393	0.010	0.011	4.80E-01
rs79251390	0.010	0.012	4.90E-01
rs56041031	0.012	0.015	4.90E-01
rs12935091	0.018	0.024	4.90E-01
rs11392581	-0.006	0.011	5.10E-01
rs80138475	0.012	0.016	5.10E-01
rs4292545	-0.006	0.012	5.10E-01
rs2846579	-0.002	0.015	5.10E-01
19:11928513_AAAG_A	0.008	0.013	5.10E-01
1:27266980_TA_T	-0.066	0.079	5.20E-01
rs148984980	0.006	0.015	5.20E-01
rs2733381	0.002	0.016	5.20E-01
rs514230	-0.007	0.010	5.30E-01
rs116377258	-0.021	0.032	5.40E-01
rs552046801	-0.092	0.132	5.40E-01
rs4470903	0.005	0.012	5.40E-01
rs5824488	-0.009	0.011	5.40E-01
19:48383197_TA_T	-0.008	0.014	5.40E-01
rs9858002	0.008	0.012	5.50E-01
rs2054381	0.009	0.011	5.50E-01
rs551800227	0.008	0.014	5.50E-01
rs78397237	0.019	0.024	5.50E-01
5:132313382_AGTTT_A	-0.009	0.014	5.60E-01
rs188743906	0.038	0.066	5.60E-01
rs16844312	0.006	0.014	5.70E-01
rs297973	-0.008	0.016	5.70E-01
rs146463558	-0.008	0.011	5.70E-01
rs58560372	0.001	0.014	5.70E-01
rs1368117	0.008	0.023	5.80E-01
rs17037390	0.004	0.014	6.40E-01
rs11190133	0.003	0.011	6.40E-01
rs12665631	-0.005	0.010	6.50E-01
rs585187	0.004	0.010	6.50E-01
rs904797	0.008	0.011	6.60E-01
rs740516	-0.008	0.014	6.60E-01
rs4858629	0.010	0.010	6.80E-01
17:19840418_GA_G	-0.010	0.012	6.80E-01
rs7566163	-0.009	0.010	6.90E-01
rs111450016	0.005	0.014	6.90E-01
rs11404803	0.004	0.012	6.90E-01
rs77369503	-0.015	0.028	7.00E-01
rs9676732	-0.006	0.010	7.00E-01
rs9886703	0.010	0.014	7.10E-01
rs7489210	-0.009	0.015	7.30E-01
rs4547160	-0.006	0.011	7.30E-01
rs1463888	-0.006	0.011	7.30E-01
rs11159347	0.008	0.011	7.30E-01
rs546648993	0.023	0.106	7.30E-01
rs113234105	-0.005	0.011	7.40E-01
rs456179	0.007	0.016	7.50E-01
rs9549100	-0.002	0.013	7.50E-01
rs3930008	-0.005	0.010	7.50E-01
rs145990041	0.021	0.043	7.60E-01
rs7919913	-0.003	0.011	7.60E-01
rs9863187	0.002	0.011	7.70E-01
rs1223763	-0.002	0.013	7.90E-01
3:170678876_GA_G	0.000	0.011	7.90E-01
rs7517340	0.000	0.013	8.00E-01
rs1465529	0.000	0.011	8.00E-01
rs4309483	-0.004	0.012	8.00E-01
rs1693544	0.000	0.014	8.10E-01
rs17803986	-0.002	0.011	8.10E-01
rs7025168	0.000	0.013	8.10E-01
rs194746	0.006	0.010	8.20E-01
rs2144084	-0.003	0.011	8.50E-01
rs8191649	-0.002	0.012	8.50E-01
rs111427727	-0.002	0.011	8.50E-01
rs1568669	0.001	0.013	8.60E-01
rs625245	0.004	0.011	8.70E-01
rs7883771	-0.002	0.009	8.70E-01
rs7010636	0.000	0.011	8.80E-01
rs149793040	0.011	0.117	8.80E-01
rs772200031	0.000	0.015	8.80E-01
rs2657879	-0.002	0.013	8.90E-01
3:23610187_CAT_C	-0.002	0.010	9.00E-01
rs374284096	0.002	0.011	9.00E-01
rs17393144	0.004	0.011	9.10E-01
rs34233878	-0.004	0.018	9.10E-01
rs182385407	-0.002	0.037	9.10E-01
rs768541410	0.000	0.011	9.20E-01
rs112124637	-0.005	0.013	9.20E-01
4:124788580_AT_A	-0.009	0.016	9.30E-01
rs55714927	-0.005	0.013	9.30E-01
9:19426226_TA_T	0.002	0.014	9.30E-01
rs535827786	0.000	0.012	9.40E-01
rs75864455	-0.001	0.023	9.60E-01
rs12089705	0.000	0.029	9.60E-01
rs72806733	0.005	0.011	9.60E-01
rs60849954	-0.010	0.022	9.60E-01
rs62223645	0.011	0.024	9.60E-01
rs2724376	0.001	0.011	9.70E-01
rs75165920	0.003	0.015	9.70E-01
rs540900467	0.008	0.038	9.80E-01